=== FINAL DATA FED TO MODEL ===
dataset_nuscene_cam_change.py
=== FINAL DATA FED TO MODEL ===
Context intrinsics shape: torch.Size([6, 3, 3])
Context intrinsics:
 tensor([[[0.7830, 0.0000, 0.5166],
         [0.0000, 1.3920, 0.5222],
         [0.0000, 0.0000, 1.0000]],

        [[0.7855, 0.0000, 0.5111],
         [0.0000, 1.3964, 0.5022],
         [0.0000, 0.0000, 1.0000]],

        [[0.7862, 0.0000, 0.5170],
         [0.0000, 1.3976, 0.5010],
         [0.0000, 0.0000, 1.0000]],

        [[0.4981, 0.0000, 0.5361],
         [0.0000, 0.8854, 0.5299],
         [0.0000, 0.0000, 1.0000]],

        [[0.7844, 0.0000, 0.5185],
         [0.0000, 1.3944, 0.5191],
         [0.0000, 0.0000, 1.0000]],

        [[0.7812, 0.0000, 0.5159],
         [0.0000, 1.3888, 0.5139],
         [0.0000, 0.0000, 1.0000]]])
Context extrinsics shape: torch.Size([6, 4, 4])
Context extrinsics:
 tensor([[[ 0.0122,  0.9999, -0.0086, -1.4949],
         [ 0.0103,  0.0084,  0.9999,  1.7220],
         [ 0.9999, -0.0123, -0.0102, -0.0048],
         [ 0.0000,  0.0000,  0.0000,  1.0000]],

        [[ 0.0158,  0.9999, -0.0058, -1.5175],
         [-0.8440,  0.0165,  0.5361,  1.5808],
         [ 0.5361, -0.0036,  0.8441,  0.4991],
         [ 0.0000,  0.0000,  0.0000,  1.0000]],

        [[ 0.0040,  0.9998, -0.0172, -1.5070],
         [ 0.8225,  0.0065,  0.5687,  1.5753],
         [ 0.5687, -0.0164, -0.8224, -0.5005],
         [ 0.0000,  0.0000,  0.0000,  1.0000]],

        [[-0.0112,  0.9999, -0.0069, -1.5679],
         [ 0.0092, -0.0068, -0.9999,  0.0552],
         [-0.9999, -0.0113, -0.0091, -0.0108],
         [ 0.0000,  0.0000,  0.0000,  1.0000]],

        [[ 0.0025,  0.9998, -0.0207, -1.5621],
         [ 0.9479, -0.0089, -0.3185,  1.0485],
         [-0.3186, -0.0188, -0.9477, -0.4831],
         [ 0.0000,  0.0000,  0.0000,  1.0000]],

        [[ 0.0020,  0.9999, -0.0116, -1.5505],
         [-0.9237, -0.0026, -0.3830,  1.0595],
         [-0.3830,  0.0114,  0.9237,  0.4672],
         [ 0.0000,  0.0000,  0.0000,  1.0000]]])
Target intrinsics shape: torch.Size([20, 3, 3])
Target intrinsics:
 tensor([[[0.5000, 0.0000, 0.5000],
         [0.0000, 0.6667, 0.5000],
         [0.0000, 0.0000, 1.0000]],

        [[0.5000, 0.0000, 0.5000],
         [0.0000, 0.6667, 0.5000],
         [0.0000, 0.0000, 1.0000]],

        [[0.5000, 0.0000, 0.5000],
         [0.0000, 0.6667, 0.5000],
         [0.0000, 0.0000, 1.0000]],

        [[0.5000, 0.0000, 0.5000],
         [0.0000, 0.6667, 0.5000],
         [0.0000, 0.0000, 1.0000]],

        [[0.5000, 0.0000, 0.5000],
         [0.0000, 0.6667, 0.5000],
         [0.0000, 0.0000, 1.0000]],

        [[0.5000, 0.0000, 0.5000],
         [0.0000, 0.6667, 0.5000],
         [0.0000, 0.0000, 1.0000]],

        [[0.5000, 0.0000, 0.5000],
         [0.0000, 0.6667, 0.5000],
         [0.0000, 0.0000, 1.0000]],

        [[0.5000, 0.0000, 0.5000],
         [0.0000, 0.6667, 0.5000],
         [0.0000, 0.0000, 1.0000]],

        [[0.5000, 0.0000, 0.5000],
         [0.0000, 0.6667, 0.5000],
         [0.0000, 0.0000, 1.0000]],

        [[0.5000, 0.0000, 0.5000],
         [0.0000, 0.6667, 0.5000],
         [0.0000, 0.0000, 1.0000]],

        [[0.5000, 0.0000, 0.5000],
         [0.0000, 0.6667, 0.5000],
         [0.0000, 0.0000, 1.0000]],

        [[0.5000, 0.0000, 0.5000],
         [0.0000, 0.6667, 0.5000],
         [0.0000, 0.0000, 1.0000]],

        [[0.5000, 0.0000, 0.5000],
         [0.0000, 0.6667, 0.5000],
         [0.0000, 0.0000, 1.0000]],

        [[0.5000, 0.0000, 0.5000],
         [0.0000, 0.6667, 0.5000],
         [0.0000, 0.0000, 1.0000]],

        [[0.5000, 0.0000, 0.5000],
         [0.0000, 0.6667, 0.5000],
         [0.0000, 0.0000, 1.0000]],

        [[0.5000, 0.0000, 0.5000],
         [0.0000, 0.6667, 0.5000],
         [0.0000, 0.0000, 1.0000]],

        [[0.5000, 0.0000, 0.5000],
         [0.0000, 0.6667, 0.5000],
         [0.0000, 0.0000, 1.0000]],

        [[0.5000, 0.0000, 0.5000],
         [0.0000, 0.6667, 0.5000],
         [0.0000, 0.0000, 1.0000]],

        [[0.5000, 0.0000, 0.5000],
         [0.0000, 0.6667, 0.5000],
         [0.0000, 0.0000, 1.0000]],

        [[0.5000, 0.0000, 0.5000],
         [0.0000, 0.6667, 0.5000],
         [0.0000, 0.0000, 1.0000]]])
Target extrinsics shape: torch.Size([20, 4, 4])
Target extrinsics:
 tensor([[[-4.3080e-08,  9.4632e-01,  3.2323e-01, -3.3323e+00],
         [ 9.8555e-01,  5.4748e-02, -1.6028e-01,  1.6028e+00],
         [-1.6938e-01,  3.1856e-01, -9.3265e-01,  9.3265e+00],
         [ 0.0000e+00,  0.0000e+00,  0.0000e+00,  1.0000e+00]],

        [[-1.7946e-08,  1.4177e-01,  9.8990e-01, -9.9990e+00],
         [ 4.1055e-01, -9.0263e-01,  1.2928e-01, -1.2928e+00],
         [ 9.1184e-01,  4.0640e-01, -5.8205e-02,  5.8205e-01],
         [ 0.0000e+00,  0.0000e+00,  0.0000e+00,  1.0000e+00]],

        [[ 9.8018e-09,  8.0301e-01,  5.9596e-01, -6.0596e+00],
         [-2.2424e-01, -5.8078e-01,  7.8257e-01, -7.8257e+00],
         [ 9.7453e-01, -1.3364e-01,  1.8007e-01, -1.8007e+00],
         [ 0.0000e+00,  0.0000e+00,  0.0000e+00,  1.0000e+00]],

        [[-1.7072e-08,  7.7139e-01,  6.3636e-01, -6.4636e+00],
         [ 3.9056e-01,  5.8582e-01, -7.1012e-01,  7.1012e+00],
         [-9.2058e-01,  2.4854e-01, -3.0127e-01,  3.0127e+00],
         [ 0.0000e+00,  0.0000e+00,  0.0000e+00,  1.0000e+00]],

        [[ 2.8494e-08,  4.5812e-01,  8.8889e-01, -8.9889e+00],
         [-6.5188e-01, -6.7407e-01,  3.4741e-01, -3.4741e+00],
         [ 7.5833e-01, -5.7945e-01,  2.9864e-01, -2.9864e+00],
         [ 0.0000e+00,  0.0000e+00,  0.0000e+00,  1.0000e+00]],

        [[-3.2375e-08,  9.2753e-01,  3.7374e-01, -3.8374e+00],
         [ 7.4066e-01,  2.5111e-01, -6.2320e-01,  6.2320e+00],
         [-6.7189e-01,  2.7681e-01, -6.8698e-01,  6.8698e+00],
         [ 0.0000e+00,  0.0000e+00,  0.0000e+00,  1.0000e+00]],

        [[-2.0336e-08,  9.5613e-01,  2.9293e-01, -3.0293e+00],
         [ 4.6523e-01,  2.5930e-01, -8.4636e-01,  8.4636e+00],
         [-8.8519e-01,  1.3628e-01, -4.4482e-01,  4.4482e+00],
         [ 0.0000e+00,  0.0000e+00,  0.0000e+00,  1.0000e+00]],

        [[ 6.2512e-09,  3.4284e-01,  9.3939e-01, -9.4939e+00],
         [-1.4301e-01, -9.2974e-01,  3.3932e-01, -3.3932e+00],
         [ 9.8972e-01, -1.3434e-01,  4.9029e-02, -4.9029e-01],
         [ 0.0000e+00,  0.0000e+00,  0.0000e+00,  1.0000e+00]],

        [[-2.9527e-08,  9.9995e-01,  1.0101e-02, -2.0101e-01],
         [ 6.7549e-01, -7.4481e-03,  7.3733e-01, -7.3733e+00],
         [ 7.3737e-01,  6.8231e-03, -6.7546e-01,  6.7546e+00],
         [ 0.0000e+00,  0.0000e+00,  0.0000e+00,  1.0000e+00]],

        [[ 3.3286e-08,  8.5095e-01,  5.2525e-01, -5.3525e+00],
         [-7.6150e-01,  3.4045e-01, -5.5156e-01,  5.5156e+00],
         [-6.4817e-01, -3.9998e-01,  6.4799e-01, -6.4799e+00],
         [ 0.0000e+00,  0.0000e+00,  0.0000e+00,  1.0000e+00]],

        [[-5.8288e-09,  9.7724e-01,  2.1212e-01, -2.2212e+00],
         [ 1.3335e-01,  2.1023e-01, -9.6852e-01,  9.6852e+00],
         [-9.9107e-01,  2.8286e-02, -1.3031e-01,  1.3031e+00],
         [ 0.0000e+00,  0.0000e+00,  0.0000e+00,  1.0000e+00]],

        [[ 4.3544e-08,  9.9980e-01,  2.0202e-02, -3.0202e-01],
         [-9.9617e-01,  1.7662e-03, -8.7408e-02,  8.7408e-01],
         [-8.7426e-02, -2.0125e-02,  9.9597e-01, -9.9597e+00],
         [ 0.0000e+00,  0.0000e+00,  0.0000e+00,  1.0000e+00]],

        [[ 4.2646e-08,  9.7264e-01,  2.3232e-01, -2.4232e+00],
         [-9.7562e-01,  5.0991e-02, -2.1348e-01,  2.1348e+00],
         [-2.1948e-01, -2.2666e-01,  9.4892e-01, -9.4892e+00],
         [ 0.0000e+00,  0.0000e+00,  0.0000e+00,  1.0000e+00]],

        [[-4.3402e-08,  4.7721e-01,  8.7879e-01, -8.8879e+00],
         [ 9.9291e-01,  1.0443e-01, -5.6707e-02,  5.6707e-01],
         [-1.1883e-01,  8.7256e-01, -4.7383e-01,  4.7383e+00],
         [ 0.0000e+00,  0.0000e+00,  0.0000e+00,  1.0000e+00]],

        [[-4.2550e-08,  2.8138e-01,  9.5960e-01, -9.6960e+00],
         [ 9.7343e-01, -2.1974e-01,  6.4434e-02, -6.4433e-01],
         [ 2.2899e-01,  9.3410e-01, -2.7390e-01,  2.7390e+00],
         [ 0.0000e+00,  0.0000e+00,  0.0000e+00,  1.0000e+00]],

        [[-4.3505e-08,  6.6429e-01,  7.4747e-01, -7.5747e+00],
         [ 9.9527e-01, -7.2610e-02,  6.4530e-02, -6.4530e-01],
         [ 9.7141e-02,  7.4394e-01, -6.6115e-01,  6.6115e+00],
         [ 0.0000e+00,  0.0000e+00,  0.0000e+00,  1.0000e+00]],

        [[ 3.5512e-08,  4.9536e-01,  8.6869e-01, -8.7869e+00],
         [-8.1241e-01,  5.0652e-01, -2.8884e-01,  2.8884e+00],
         [-5.8308e-01, -7.0573e-01,  4.0244e-01, -4.0244e+00],
         [ 0.0000e+00,  0.0000e+00,  0.0000e+00,  1.0000e+00]],

        [[-3.9408e-08,  5.6031e-01,  8.2828e-01, -8.3828e+00],
         [ 9.0156e-01, -3.5837e-01,  2.4243e-01, -2.4243e+00],
         [ 4.3266e-01,  7.4674e-01, -5.0515e-01,  5.0515e+00],
         [ 0.0000e+00,  0.0000e+00,  0.0000e+00,  1.0000e+00]],

        [[ 3.3561e-08,  9.7938e-01,  2.0202e-01, -2.1202e+00],
         [-7.6778e-01, -1.2944e-01,  6.2750e-01, -6.2750e+00],
         [ 6.4071e-01, -1.5511e-01,  7.5195e-01, -7.5195e+00],
         [ 0.0000e+00,  0.0000e+00,  0.0000e+00,  1.0000e+00]],

        [[ 2.1547e-08,  7.9542e-01,  6.0606e-01, -6.1606e+00],
         [-4.9294e-01,  5.2731e-01, -6.9206e-01,  6.9206e+00],
         [-8.7006e-01, -2.9875e-01,  3.9210e-01, -3.9210e+00],
         [ 0.0000e+00,  0.0000e+00,  0.0000e+00,  1.0000e+00]]])
==================================================