=== FINAL DATA FED TO MODEL ===
dataset_seed4d.py

Context intrinsics shape: torch.Size([6, 3, 3])
Context intrinsics:
 tensor([[[0.5000, 0.0000, 0.5000],
         [0.0000, 0.8621, 0.5000],
         [0.0000, 0.0000, 1.0000]],

        [[0.5000, 0.0000, 0.5000],
         [0.0000, 0.8621, 0.5000],
         [0.0000, 0.0000, 1.0000]],

        [[0.5000, 0.0000, 0.5000],
         [0.0000, 0.8621, 0.5000],
         [0.0000, 0.0000, 1.0000]],

        [[0.5000, 0.0000, 0.5000],
         [0.0000, 0.8621, 0.5000],
         [0.0000, 0.0000, 1.0000]],

        [[0.5000, 0.0000, 0.5000],
         [0.0000, 0.8621, 0.5000],
         [0.0000, 0.0000, 1.0000]],

        [[0.5000, 0.0000, 0.5000],
         [0.0000, 0.8621, 0.5000],
         [0.0000, 0.0000, 1.0000]]])
Context extrinsics shape: torch.Size([6, 4, 4])
Context extrinsics:
 tensor([[[-3.4683e-10,  1.0000e+00, -2.1846e-03, -1.5029e+00],
         [ 7.9345e-03,  2.1846e-03,  9.9997e-01,  8.1155e-01],
         [ 9.9997e-01, -1.7334e-05, -7.9345e-03, -9.2544e-03],
         [ 0.0000e+00,  0.0000e+00,  0.0000e+00,  1.0000e+00]],

        [[ 3.6654e-08,  9.9996e-01, -9.0817e-03, -1.5078e+00],
         [-8.3854e-01,  4.9481e-03,  5.4482e-01,  6.6753e-01],
         [ 5.4484e-01,  7.6153e-03,  8.3851e-01,  4.9701e-01],
         [ 0.0000e+00,  0.0000e+00,  0.0000e+00,  1.0000e+00]],

        [[-3.5910e-08,  9.9999e-01, -3.7028e-03, -1.5085e+00],
         [ 8.2153e-01,  2.1113e-03,  5.7016e-01,  6.5191e-01],
         [ 5.7017e-01, -3.0420e-03, -8.2152e-01, -4.9736e-01],
         [ 0.0000e+00,  0.0000e+00,  0.0000e+00,  1.0000e+00]],

        [[-2.7565e-10,  9.9994e-01,  1.0904e-02, -1.5725e+00],
         [ 6.3061e-03,  1.0904e-02, -9.9992e-01, -8.5634e-01],
         [-9.9998e-01,  6.8760e-05, -6.3057e-03, -7.1684e-03],
         [ 0.0000e+00,  0.0000e+00,  0.0000e+00,  1.0000e+00]],

        [[-4.1431e-08,  1.0000e+00,  7.3227e-04, -1.5759e+00],
         [ 9.4782e-01,  2.3348e-04, -3.1879e-01,  1.4285e-01],
         [-3.1879e-01,  6.9405e-04, -9.4782e-01, -4.8310e-01],
         [ 0.0000e+00,  0.0000e+00,  0.0000e+00,  1.0000e+00]],

        [[ 4.0611e-08,  9.9998e-01, -5.9439e-03, -1.5566e+00],
         [-9.2907e-01, -2.1986e-03, -3.6990e-01,  1.3906e-01],
         [-3.6990e-01,  5.5223e-03,  9.2905e-01,  4.7303e-01],
         [ 0.0000e+00,  0.0000e+00,  0.0000e+00,  1.0000e+00]]])
Target intrinsics shape: torch.Size([20, 3, 3])
Target intrinsics:
 tensor([[[0.5000, 0.0000, 0.5000],
         [0.0000, 0.6667, 0.5000],
         [0.0000, 0.0000, 1.0000]],

        [[0.5000, 0.0000, 0.5000],
         [0.0000, 0.6667, 0.5000],
         [0.0000, 0.0000, 1.0000]],

        [[0.5000, 0.0000, 0.5000],
         [0.0000, 0.6667, 0.5000],
         [0.0000, 0.0000, 1.0000]],

        [[0.5000, 0.0000, 0.5000],
         [0.0000, 0.6667, 0.5000],
         [0.0000, 0.0000, 1.0000]],

        [[0.5000, 0.0000, 0.5000],
         [0.0000, 0.6667, 0.5000],
         [0.0000, 0.0000, 1.0000]],

        [[0.5000, 0.0000, 0.5000],
         [0.0000, 0.6667, 0.5000],
         [0.0000, 0.0000, 1.0000]],

        [[0.5000, 0.0000, 0.5000],
         [0.0000, 0.6667, 0.5000],
         [0.0000, 0.0000, 1.0000]],

        [[0.5000, 0.0000, 0.5000],
         [0.0000, 0.6667, 0.5000],
         [0.0000, 0.0000, 1.0000]],

        [[0.5000, 0.0000, 0.5000],
         [0.0000, 0.6667, 0.5000],
         [0.0000, 0.0000, 1.0000]],

        [[0.5000, 0.0000, 0.5000],
         [0.0000, 0.6667, 0.5000],
         [0.0000, 0.0000, 1.0000]],

        [[0.5000, 0.0000, 0.5000],
         [0.0000, 0.6667, 0.5000],
         [0.0000, 0.0000, 1.0000]],

        [[0.5000, 0.0000, 0.5000],
         [0.0000, 0.6667, 0.5000],
         [0.0000, 0.0000, 1.0000]],

        [[0.5000, 0.0000, 0.5000],
         [0.0000, 0.6667, 0.5000],
         [0.0000, 0.0000, 1.0000]],

        [[0.5000, 0.0000, 0.5000],
         [0.0000, 0.6667, 0.5000],
         [0.0000, 0.0000, 1.0000]],

        [[0.5000, 0.0000, 0.5000],
         [0.0000, 0.6667, 0.5000],
         [0.0000, 0.0000, 1.0000]],

        [[0.5000, 0.0000, 0.5000],
         [0.0000, 0.6667, 0.5000],
         [0.0000, 0.0000, 1.0000]],

        [[0.5000, 0.0000, 0.5000],
         [0.0000, 0.6667, 0.5000],
         [0.0000, 0.0000, 1.0000]],

        [[0.5000, 0.0000, 0.5000],
         [0.0000, 0.6667, 0.5000],
         [0.0000, 0.0000, 1.0000]],

        [[0.5000, 0.0000, 0.5000],
         [0.0000, 0.6667, 0.5000],
         [0.0000, 0.0000, 1.0000]],

        [[0.5000, 0.0000, 0.5000],
         [0.0000, 0.6667, 0.5000],
         [0.0000, 0.0000, 1.0000]]])
Target extrinsics shape: torch.Size([20, 4, 4])
Target extrinsics:
 tensor([[[-1.3691e-08,  1.9999e-01,  9.7980e-01, -9.8980e+00],
         [ 3.1322e-01,  9.3050e-01, -1.8993e-01,  1.8993e+00],
         [-9.4968e-01,  3.0689e-01, -6.2640e-02,  6.2640e-01],
         [ 0.0000e+00,  0.0000e+00,  0.0000e+00,  1.0000e+00]],

        [[-4.2213e-08,  9.9816e-01,  6.0606e-02, -7.0606e-01],
         [ 9.6572e-01, -1.5734e-02,  2.5913e-01, -2.5913e+00],
         [ 2.5960e-01,  5.8528e-02, -9.6394e-01,  9.6394e+00],
         [ 0.0000e+00,  0.0000e+00,  0.0000e+00,  1.0000e+00]],

        [[-4.3006e-08,  9.1474e-01,  4.0404e-01, -4.1404e+00],
         [ 9.8385e-01, -7.2317e-02,  1.6372e-01, -1.6372e+00],
         [ 1.7898e-01,  3.9752e-01, -8.9997e-01,  8.9997e+00],
         [ 0.0000e+00,  0.0000e+00,  0.0000e+00,  1.0000e+00]],

        [[ 1.2878e-08,  8.8012e-01,  4.7475e-01, -4.8475e+00],
         [-2.9463e-01,  4.5367e-01, -8.4106e-01,  8.4106e+00],
         [-9.5561e-01, -1.3987e-01,  2.5931e-01, -2.5931e+00],
         [ 0.0000e+00,  0.0000e+00,  0.0000e+00,  1.0000e+00]],

        [[ 3.8136e-08,  2.4431e-01,  9.6970e-01, -9.7970e+00],
         [-8.7246e-01, -4.7388e-01,  1.1939e-01, -1.1939e+00],
         [ 4.8869e-01, -8.4602e-01,  2.1315e-01, -2.1315e+00],
         [ 0.0000e+00,  0.0000e+00,  0.0000e+00,  1.0000e+00]],

        [[ 7.6137e-09,  9.9918e-01,  4.0404e-02, -5.0404e-01],
         [-1.7418e-01, -3.9786e-02,  9.8391e-01, -9.8391e+00],
         [ 9.8471e-01, -7.0377e-03,  1.7404e-01, -1.7404e+00],
         [ 0.0000e+00,  0.0000e+00,  0.0000e+00,  1.0000e+00]],

        [[ 4.3711e-08,  9.3154e-01,  3.6364e-01, -3.7364e+00],
         [-9.9999e-01,  1.7744e-03, -4.5453e-03,  4.5443e-02],
         [-4.8794e-03, -3.6363e-01,  9.3153e-01, -9.3153e+00],
         [ 0.0000e+00,  0.0000e+00,  0.0000e+00,  1.0000e+00]],

        [[ 2.6765e-08,  9.4281e-01,  3.3333e-01, -3.4333e+00],
         [-6.1230e-01, -2.6354e-01,  7.4541e-01, -7.4541e+00],
         [ 7.9062e-01, -2.0410e-01,  5.7728e-01, -5.7728e+00],
         [ 0.0000e+00,  0.0000e+00,  0.0000e+00,  1.0000e+00]],

        [[-4.1578e-08,  7.8762e-01,  6.1616e-01, -6.2616e+00],
         [ 9.5120e-01, -1.9013e-01,  2.4304e-01, -2.4304e+00],
         [ 3.0858e-01,  5.8609e-01, -7.4918e-01,  7.4918e+00],
         [ 0.0000e+00,  0.0000e+00,  0.0000e+00,  1.0000e+00]],

        [[-4.3080e-08,  9.4632e-01,  3.2323e-01, -3.3323e+00],
         [ 9.8555e-01,  5.4748e-02, -1.6028e-01,  1.6028e+00],
         [-1.6938e-01,  3.1856e-01, -9.3265e-01,  9.3265e+00],
         [ 0.0000e+00,  0.0000e+00,  0.0000e+00,  1.0000e+00]],

        [[ 4.2647e-10,  6.8635e-01,  7.2727e-01, -7.3727e+00],
         [-9.7565e-03, -7.2724e-01,  6.8632e-01, -6.8632e+00],
         [ 9.9995e-01, -7.0956e-03,  6.6963e-03, -6.6963e-02],
         [ 0.0000e+00,  0.0000e+00,  0.0000e+00,  1.0000e+00]],

        [[-4.0323e-08,  9.6209e-01,  2.7273e-01, -2.8273e+00],
         [ 9.2247e-01, -1.0529e-01,  3.7143e-01, -3.7143e+00],
         [ 3.8606e-01,  2.5158e-01, -8.8750e-01,  8.8750e+00],
         [ 0.0000e+00,  0.0000e+00,  0.0000e+00,  1.0000e+00]],

        [[-4.1708e-08,  9.9381e-01,  1.1111e-01, -1.2111e+00],
         [ 9.5416e-01,  3.3254e-02, -2.9743e-01,  2.9743e+00],
         [-2.9928e-01,  1.0602e-01, -9.4826e-01,  9.4826e+00],
         [ 0.0000e+00,  0.0000e+00,  0.0000e+00,  1.0000e+00]],

        [[-2.9840e-08,  6.9690e-01,  7.1717e-01, -7.2717e+00],
         [ 6.8265e-01,  5.2407e-01, -5.0925e-01,  5.0925e+00],
         [-7.3074e-01,  4.8958e-01, -4.7574e-01,  4.7574e+00],
         [ 0.0000e+00,  0.0000e+00,  0.0000e+00,  1.0000e+00]],

        [[ 3.6090e-09,  9.3918e-01,  3.4343e-01, -3.5343e+00],
         [-8.2565e-02,  3.4226e-01, -9.3597e-01,  9.3597e+00],
         [-9.9659e-01, -2.8356e-02,  7.7543e-02, -7.7543e-01],
         [ 0.0000e+00,  0.0000e+00,  0.0000e+00,  1.0000e+00]],

        [[-4.2550e-08,  2.8138e-01,  9.5960e-01, -9.6960e+00],
         [ 9.7343e-01, -2.1974e-01,  6.4434e-02, -6.4433e-01],
         [ 2.2899e-01,  9.3410e-01, -2.7390e-01,  2.7390e+00],
         [ 0.0000e+00,  0.0000e+00,  0.0000e+00,  1.0000e+00]],

        [[-1.9957e-08,  9.0075e-01,  4.3434e-01, -4.4434e+00],
         [ 4.5657e-01, -3.8643e-01,  8.0138e-01, -8.0138e+00],
         [ 8.8969e-01,  1.9831e-01, -4.1126e-01,  4.1126e+00],
         [ 0.0000e+00,  0.0000e+00,  0.0000e+00,  1.0000e+00]],

        [[ 1.5395e-08,  5.8907e-01,  8.0808e-01, -8.1808e+00],
         [-3.5219e-01, -7.5631e-01,  5.5133e-01, -5.5133e+00],
         [ 9.3593e-01, -2.8460e-01,  2.0746e-01, -2.0746e+00],
         [ 0.0000e+00,  0.0000e+00,  0.0000e+00,  1.0000e+00]],

        [[ 3.8792e-08,  9.9750e-01,  7.0707e-02, -8.0707e-01],
         [-8.8745e-01, -3.2589e-02,  4.5975e-01, -4.5975e+00],
         [ 4.6091e-01, -6.2749e-02,  8.8523e-01, -8.8523e+00],
         [ 0.0000e+00,  0.0000e+00,  0.0000e+00,  1.0000e+00]],

        [[-2.4965e-08,  9.7500e-01,  2.2222e-01, -2.3222e+00],
         [ 5.7113e-01, -1.8241e-01,  8.0033e-01, -8.0033e+00],
         [ 8.2086e-01,  1.2692e-01, -5.5685e-01,  5.5685e+00],
         [ 0.0000e+00,  0.0000e+00,  0.0000e+00,  1.0000e+00]]])
==================================================
