=== FINAL DATA FED TO MODEL ===
dataset_nuscene.py
Context intrinsics shape: torch.Size([6, 3, 3])
Context intrinsics:
 tensor([[[200.4501,   0.0000,   0.5166],
         [  0.0000, 356.3557,   0.5222],
         [  0.0000,   0.0000,   1.0000]],

        [[201.0798,   0.0000,   0.5111],
         [  0.0000, 357.4751,   0.5022],
         [  0.0000,   0.0000,   1.0000]],

        [[199.9941,   0.0000,   0.5159],
         [  0.0000, 355.5450,   0.5139],
         [  0.0000,   0.0000,   1.0000]],

        [[127.5026,   0.0000,   0.5361],
         [  0.0000, 226.6712,   0.5299],
         [  0.0000,   0.0000,   1.0000]],

        [[200.7978,   0.0000,   0.5185],
         [  0.0000, 356.9738,   0.5191],
         [  0.0000,   0.0000,   1.0000]],

        [[201.2580,   0.0000,   0.5170],
         [  0.0000, 357.7920,   0.5010],
         [  0.0000,   0.0000,   1.0000]]])
Context extrinsics shape: torch.Size([6, 4, 4])
Context extrinsics:
 tensor([[[ 0.0122,  0.9999, -0.0086, -1.4949],
         [ 0.0103,  0.0084,  0.9999,  1.7220],
         [ 0.9999, -0.0123, -0.0102, -0.0048],
         [ 0.0000,  0.0000,  0.0000,  1.0000]],

        [[ 0.0158,  0.9999, -0.0058, -1.5175],
         [-0.8440,  0.0165,  0.5361,  1.5808],
         [ 0.5361, -0.0036,  0.8441,  0.4991],
         [ 0.0000,  0.0000,  0.0000,  1.0000]],

        [[ 0.0020,  0.9999, -0.0116, -1.5505],
         [-0.9237, -0.0026, -0.3830,  1.0595],
         [-0.3830,  0.0114,  0.9237,  0.4672],
         [ 0.0000,  0.0000,  0.0000,  1.0000]],

        [[-0.0112,  0.9999, -0.0069, -1.5679],
         [ 0.0092, -0.0068, -0.9999,  0.0552],
         [-0.9999, -0.0113, -0.0091, -0.0108],
         [ 0.0000,  0.0000,  0.0000,  1.0000]],

        [[ 0.0025,  0.9998, -0.0207, -1.5621],
         [ 0.9479, -0.0089, -0.3185,  1.0485],
         [-0.3186, -0.0188, -0.9477, -0.4831],
         [ 0.0000,  0.0000,  0.0000,  1.0000]],

        [[ 0.0040,  0.9998, -0.0172, -1.5070],
         [ 0.8225,  0.0065,  0.5687,  1.5753],
         [ 0.5687, -0.0164, -0.8224, -0.5005],
         [ 0.0000,  0.0000,  0.0000,  1.0000]]])
Target intrinsics shape: torch.Size([6, 3, 3])
Target intrinsics:
 tensor([[[1.5625, 0.0000, 0.5000],
         [0.0000, 1.5625, 0.5000],
         [0.0000, 0.0000, 1.0000]],

        [[1.5625, 0.0000, 0.5000],
         [0.0000, 1.5625, 0.5000],
         [0.0000, 0.0000, 1.0000]],

        [[1.5625, 0.0000, 0.5000],
         [0.0000, 1.5625, 0.5000],
         [0.0000, 0.0000, 1.0000]],

        [[1.5625, 0.0000, 0.5000],
         [0.0000, 1.5625, 0.5000],
         [0.0000, 0.0000, 1.0000]],

        [[1.5625, 0.0000, 0.5000],
         [0.0000, 1.5625, 0.5000],
         [0.0000, 0.0000, 1.0000]],

        [[1.5625, 0.0000, 0.5000],
         [0.0000, 1.5625, 0.5000],
         [0.0000, 0.0000, 1.0000]]])
Target extrinsics shape: torch.Size([6, 4, 4])
Target extrinsics:
 tensor([[[-8.9687e-09,  5.1267e-01,  8.5859e-01, -8.6859e+00],
         [ 2.0518e-01, -8.4032e-01,  5.0176e-01, -5.0176e+00],
         [ 9.7872e-01,  1.7616e-01, -1.0519e-01,  1.0519e+00],
         [ 0.0000e+00,  0.0000e+00,  0.0000e+00,  1.0000e+00]],

        [[ 1.3799e-09,  4.3797e-01,  8.9899e-01, -9.0899e+00],
         [-3.1568e-02,  8.9854e-01, -4.3775e-01,  4.3775e+00],
         [-9.9950e-01, -2.8379e-02,  1.3826e-02, -1.3826e-01],
         [ 0.0000e+00,  0.0000e+00,  0.0000e+00,  1.0000e+00]],

        [[-2.8170e-08,  9.8685e-01,  1.6162e-01, -1.7162e+00],
         [ 6.4445e-01,  1.2358e-01, -7.5460e-01,  7.5460e+00],
         [-7.6465e-01,  1.0415e-01, -6.3597e-01,  6.3597e+00],
         [ 0.0000e+00,  0.0000e+00,  0.0000e+00,  1.0000e+00]],

        [[-2.0336e-08,  9.5613e-01,  2.9293e-01, -3.0293e+00],
         [ 4.6523e-01,  2.5930e-01, -8.4636e-01,  8.4636e+00],
         [-8.8519e-01,  1.3628e-01, -4.4482e-01,  4.4482e+00],
         [ 0.0000e+00,  0.0000e+00,  0.0000e+00,  1.0000e+00]],

        [[-3.0529e-08,  4.1660e-01,  9.0909e-01, -9.1909e+00],
         [ 6.9843e-01, -6.5062e-01,  2.9815e-01, -2.9815e+00],
         [ 7.1568e-01,  6.3494e-01, -2.9096e-01,  2.9096e+00],
         [ 0.0000e+00,  0.0000e+00,  0.0000e+00,  1.0000e+00]],

        [[ 2.1917e-08,  9.9263e-01,  1.2121e-01, -1.3121e+00],
         [-5.0141e-01, -1.0487e-01,  8.5883e-01, -8.5883e+00],
         [ 8.6521e-01, -6.0777e-02,  4.9771e-01, -4.9771e+00],
         [ 0.0000e+00,  0.0000e+00,  0.0000e+00,  1.0000e+00]]])
==================================================
